{
"InputOffset": [-0.704861, -0.004700, -0.022825, -0.000705, -0.924806, -0.011750, 0.002607, 0.112340, -0.050001, -0.203540, -0.003947, -0.919579, -0.005988, -0.004218, 0.137800, 0.026970, 0.161207, -0.066429, -0.916636, -0.016735, 0.003736, 0.095071, 0.144366, 0.437238, -0.058142, -0.872143, -0.017855, -0.001019, 0.292256, 0.209039, 0.597567, -0.053820, -0.904463, 0.046920, -0.033641, 0.161775, 0.002652, 0.160640, 0.075434, -0.920493, -0.009497, -0.002757, 0.038413, 0.082271, 0.447702, 0.083611, -0.885397, -0.007812, -0.003540, 0.246580, 0.124306, 0.608669, 0.080370, -0.919242, 0.023839, 0.066734, 0.044928, -0.722843, 0.889022, -0.083653, -0.080671, 0.004951, 0.712776, -0.927872, 1.207016, -0.094620, -0.064860, -0.018270, 0.958917, -0.487478, 0.591220, -0.019576, -0.078123, -0.145712, 1.008962, -0.167572, 0.060618, -0.013366, -0.078638, -0.122511, 0.877461, 0.001396, -0.255118, -0.011317, 0.100762, -0.254960, 0.595279, -0.514561, 0.595851, -0.103215, -0.105702, 0.077678, 0.868342, -0.231948, 0.087161, -0.040119, -0.086523, 0.077401, 0.761071, -0.087218, -0.215422, -0.005606, 0.114057, 0.179877, 0.158312, -0.503881, -0.254038, -0.233469, -0.257536, -0.254957, -0.407452, -0.382846, -0.289415, 0.000008, 0.023364, -0.228088, -0.000095, -0.041911, -0.365412, 0.000965, -0.041379, -0.362942, 0.000828, -0.003251, 0.062860],
"InputScale": [5.159227, 50.000000, 50.000000, 50.000000, 8.356984, 3.763243, 9.614097, 5.254381, 11.908330, 12.097979, 8.462818, 8.023128, 3.812771, 8.550728, 5.175599, 11.770486, 14.821891, 10.762070, 8.214306, 3.892922, 6.547485, 4.646685, 4.466656, 5.273145, 3.931529, 7.255636, 3.779690, 7.199351, 4.696069, 3.264923, 3.811569, 2.884282, 7.436856, 4.061870, 6.009601, 4.659402, 11.519629, 15.210968, 10.899395, 8.378242, 3.948947, 6.507378, 4.511481, 4.300552, 5.511431, 3.945376, 7.407982, 3.778169, 7.513039, 4.508157, 3.184507, 4.006328, 2.938121, 8.125233, 4.325517, 5.498222, 4.648342, 1.351070, 0.925664, 1.310753, 0.323641, 0.278731, 0.223169, 1.286329, 0.721375, 1.094177, 0.311507, 0.272412, 0.213776, 1.314144, 1.268956, 1.646637, 0.311791, 0.237791, 0.271952, 0.934197, 1.434086, 1.350763, 0.302812, 0.230965, 0.233820, 0.676439, 0.943322, 1.007629, 0.210190, 0.189614, 0.184602, 1.323641, 1.266206, 1.668271, 0.328569, 0.261099, 0.269261, 0.897234, 1.466176, 1.484839, 0.322393, 0.252656, 0.231569, 0.631142, 0.973013, 1.145319, 0.206989, 0.193029, 0.172555, 3.435552, 2.297166, 2.363852, 2.286880, 2.294435, 2.035167, 2.057270, 2.384673, 50.000000, 2.798572, 2.572294, 50.000000, 2.738856, 1.817022, 34.478718, 1.948482, 1.850638, 36.555135, 1.944978, 0.931050],
"OutputOffset": [-0.500000],
"OutputScale": [2.000000]
}