{
"InputOffset": [0.000132, 0.000001, 0.000004, 0.000000, 0.000174, 0.000002, -0.000000, -0.000021, 0.000009, 0.000038, 0.000001, 0.000173, 0.000001, 0.000001, -0.000026, -0.000005, -0.000030, 0.000012, 0.000172, 0.000003, -0.000001, -0.000018, -0.000027, -0.000082, 0.000011, 0.000164, 0.000003, 0.000000, -0.000055, -0.000039, -0.000112, 0.000010, 0.000170, -0.000009, 0.000006, -0.000030, -0.000000, -0.000030, -0.000014, 0.000173, 0.000002, 0.000001, -0.000007, -0.000015, -0.000084, -0.000016, 0.000166, 0.000001, 0.000001, -0.000046, -0.000023, -0.000114, -0.000015, 0.000173, -0.000004, -0.000013, -0.000008, 0.000136, -0.000167, 0.000016, 0.000015, -0.000001, -0.000134, 0.000174, -0.000227, 0.000018, 0.000012, 0.000003, -0.000180, 0.000092, -0.000111, 0.000004, 0.000015, 0.000027, -0.000189, 0.000031, -0.000011, 0.000003, 0.000015, 0.000023, -0.000165, -0.000000, 0.000048, 0.000002, -0.000019, 0.000048, -0.000112, 0.000097, -0.000112, 0.000019, 0.000020, -0.000015, -0.000163, 0.000044, -0.000016, 0.000008, 0.000016, -0.000015, -0.000143, 0.000016, 0.000040, 0.000001, -0.000021, -0.000034, -0.000030, 0.000095, 0.000048, 0.000044, 0.000048, 0.000048, 0.000076, 0.000072, 0.000054, -0.000000, -0.000004, 0.000043, 0.000000, 0.000008, 0.000069, -0.000000, 0.000008, 0.000068, -0.000000, 0.000001, -0.000012],
"InputScale": [50.000000, 50.000000, 50.000000, 50.000000, 50.000000, 50.000000, 50.000000, 50.000000, 50.000000, 50.000000, 50.000000, 50.000000, 50.000000, 50.000000, 50.000000, 50.000000, 50.000000, 50.000000, 50.000000, 50.000000, 50.000000, 50.000000, 50.000000, 50.000000, 50.000000, 50.000000, 50.000000, 50.000000, 50.000000, 50.000000, 50.000000, 50.000000, 50.000000, 50.000000, 50.000000, 50.000000, 50.000000, 50.000000, 50.000000, 50.000000, 50.000000, 50.000000, 50.000000, 50.000000, 50.000000, 50.000000, 50.000000, 50.000000, 50.000000, 50.000000, 50.000000, 50.000000, 50.000000, 50.000000, 50.000000, 50.000000, 50.000000, 50.000000, 50.000000, 50.000000, 50.000000, 50.000000, 50.000000, 50.000000, 50.000000, 50.000000, 50.000000, 50.000000, 50.000000, 50.000000, 50.000000, 50.000000, 50.000000, 50.000000, 50.000000, 50.000000, 50.000000, 50.000000, 50.000000, 50.000000, 50.000000, 50.000000, 50.000000, 50.000000, 50.000000, 50.000000, 50.000000, 50.000000, 50.000000, 50.000000, 50.000000, 50.000000, 50.000000, 50.000000, 50.000000, 50.000000, 50.000000, 50.000000, 50.000000, 50.000000, 50.000000, 50.000000, 50.000000, 50.000000, 50.000000, 50.000000, 50.000000, 50.000000, 50.000000, 50.000000, 50.000000, 50.000000, 50.000000, 50.000000, 50.000000, 50.000000, 50.000000, 50.000000, 50.000000, 50.000000, 50.000000, 50.000000, 50.000000, 50.000000, 50.000000],
"OutputOffset": [0.000000, 0.000000, 0.000000, -0.200000, 0.000000, 0.000000, 0.000000, -0.200000, 1.570000, 0.000000, 0.000000, 0.000000, -0.200000, 0.000000, 0.000000, 0.000000, -0.200000, 1.570000, 0.000000, 0.000000, 0.000000, -0.200000],
"OutputScale": [0.250000, 1.000000, 1.000000, 1.000000, 0.097276, 1.000000, 1.000000, 1.000000, 0.159236, 0.159236, 1.000000, 1.000000, 1.000000, 0.097276, 1.000000, 1.000000, 1.000000, 0.159236, 0.159236, 1.000000, 1.000000, 1.000000]
}