{
"InputOffset": [-0.000026, -0.000000, -0.000001, -0.000000, -0.000035, -0.000000, 0.000000, 0.000005, -0.000002, -0.000008, -0.000000, -0.000035, -0.000000, -0.000000, 0.000006, 0.000001, 0.000006, -0.000003, -0.000035, -0.000001, -0.000000, 0.000004, 0.000006, 0.000017, -0.000002, -0.000034, -0.000001, -0.000000, 0.000010, 0.000008, 0.000024, -0.000002, -0.000035, 0.000002, -0.000001, 0.000006, 0.000001, 0.000006, 0.000003, -0.000035, -0.000000, -0.000000, 0.000003, 0.000004, 0.000018, 0.000003, -0.000034, -0.000000, -0.000000, 0.000009, 0.000006, 0.000024, 0.000003, -0.000035, 0.000001, 0.000003, 0.000001, -0.000028, 0.000031, -0.000002, -0.000002, 0.000000, 0.000035, -0.000037, 0.000044, -0.000002, -0.000001, -0.000000, 0.000044, -0.000017, 0.000020, -0.000000, -0.000003, -0.000007, 0.000047, -0.000003, 0.000000, -0.000001, -0.000002, -0.000007, 0.000038, 0.000005, -0.000011, -0.000001, 0.000006, -0.000010, 0.000026, -0.000018, 0.000021, -0.000003, -0.000001, 0.000005, 0.000041, -0.000005, 0.000002, 0.000000, -0.000001, 0.000005, 0.000031, 0.000001, -0.000009, 0.000002, 0.000006, 0.000012, 0.000004, -0.000019, -0.000009, -0.000009, -0.000010, -0.000009, -0.000015, -0.000014, -0.000011, -0.000002, 0.000001, -0.000009, -0.000002, -0.000002, -0.000015, -0.000003, -0.000002, -0.000015, -0.000003, 0.000001, 0.000002],
"InputScale": [50.000000, 50.000000, 50.000000, 50.000000, 50.000000, 50.000000, 50.000000, 50.000000, 50.000000, 50.000000, 50.000000, 50.000000, 50.000000, 50.000000, 50.000000, 50.000000, 50.000000, 50.000000, 50.000000, 50.000000, 50.000000, 50.000000, 50.000000, 50.000000, 50.000000, 50.000000, 50.000000, 50.000000, 50.000000, 50.000000, 50.000000, 50.000000, 50.000000, 50.000000, 50.000000, 50.000000, 50.000000, 50.000000, 50.000000, 50.000000, 50.000000, 50.000000, 50.000000, 50.000000, 50.000000, 50.000000, 50.000000, 50.000000, 50.000000, 50.000000, 50.000000, 50.000000, 50.000000, 50.000000, 50.000000, 50.000000, 50.000000, 50.000000, 50.000000, 50.000000, 50.000000, 45.326458, 36.101449, 50.000000, 50.000000, 50.000000, 50.000000, 44.070903, 33.954263, 50.000000, 50.000000, 50.000000, 50.000000, 36.781086, 42.240963, 50.000000, 50.000000, 50.000000, 49.708236, 36.106576, 37.260141, 50.000000, 50.000000, 50.000000, 34.364975, 30.746385, 31.036975, 50.000000, 50.000000, 50.000000, 50.000000, 41.846507, 43.502437, 50.000000, 50.000000, 50.000000, 50.000000, 40.774115, 37.683428, 50.000000, 50.000000, 50.000000, 33.954809, 31.359585, 28.600899, 50.000000, 50.000000, 50.000000, 50.000000, 50.000000, 50.000000, 50.000000, 50.000000, 50.000000, 50.000000, 50.000000, 50.000000, 50.000000, 50.000000, 50.000000, 50.000000, 50.000000, 50.000000, 50.000000, 50.000000],
"OutputOffset": [0.000000, 0.000000, 0.000000, -0.200000, 0.000000, 0.000000, 0.000000, -0.200000, 1.570000, 0.000000, 0.000000, 0.000000, -0.200000, 0.000000, 0.000000, 0.000000, -0.200000, 1.570000, 0.000000, 0.000000, 0.000000, -0.200000],
"OutputScale": [0.250000, 1.000000, 1.000000, 1.000000, 0.097276, 1.000000, 1.000000, 1.000000, 0.159236, 0.159236, 1.000000, 1.000000, 1.000000, 0.097276, 1.000000, 1.000000, 1.000000, 0.159236, 0.159236, 1.000000, 1.000000, 1.000000]
}