{
"InputOffset": [-0.701818, -0.006037, -0.023434, -0.000534, -0.932963, -0.008653, 0.000481, 0.133905, -0.062661, -0.207800, -0.002309, -0.926049, -0.002827, -0.007139, 0.161836, 0.036570, 0.166212, -0.070485, -0.926509, -0.013968, -0.001094, 0.117873, 0.157596, 0.461687, -0.064225, -0.895744, -0.014993, -0.003162, 0.265834, 0.213956, 0.637269, -0.061331, -0.918152, 0.045761, -0.023712, 0.149676, 0.020761, 0.167180, 0.075987, -0.932234, -0.003328, -0.005991, 0.078650, 0.115400, 0.472590, 0.079430, -0.906366, -0.000985, -0.006103, 0.232934, 0.154056, 0.646186, 0.071259, -0.929645, 0.025633, 0.084764, 0.031367, -0.743660, 0.832968, -0.056939, -0.042152, 0.008124, 0.935205, -0.991843, 1.157591, -0.066261, -0.018797, -0.012179, 1.160597, -0.461298, 0.536403, -0.007574, -0.067639, -0.176619, 1.237870, -0.068684, 0.012206, -0.018922, -0.063751, -0.176915, 1.001859, 0.138678, -0.291287, -0.027009, 0.155148, -0.264959, 0.691489, -0.491769, 0.546571, -0.070507, -0.016510, 0.124848, 1.078350, -0.145655, 0.050366, 0.003205, -0.021817, 0.134350, 0.814245, 0.024420, -0.239486, 0.040970, 0.149213, 0.320688, 0.117904, -0.500389, -0.251449, -0.243174, -0.260465, -0.244913, -0.408008, -0.369908, -0.301518, -0.044033, 0.037605, -0.250395, -0.044544, -0.048811, -0.396602, -0.080406, -0.048339, -0.402336, -0.084200, 0.020233, 0.041684],
"InputScale": [4.736938, 50.000000, 50.000000, 50.000000, 9.535856, 4.196505, 10.449789, 5.373194, 12.091135, 13.352094, 9.032567, 9.120877, 4.244167, 9.219080, 5.207085, 12.357150, 16.614283, 11.582029, 9.488884, 4.351544, 6.799684, 4.882640, 4.721177, 5.940746, 4.141855, 8.552227, 4.246491, 7.265261, 5.085348, 3.454157, 4.369165, 3.032160, 8.705291, 4.604809, 6.232946, 4.670632, 12.219374, 17.462513, 11.617364, 9.723596, 4.401700, 7.049726, 4.856688, 4.630800, 6.293553, 4.154279, 8.812449, 4.263124, 7.733438, 5.026183, 3.450622, 4.636076, 3.101557, 9.600643, 4.911793, 5.589313, 4.843522, 1.403819, 1.003509, 1.338666, 0.329032, 0.277951, 0.226283, 1.341484, 0.781323, 1.107302, 0.318583, 0.270252, 0.214573, 1.404317, 1.369723, 1.740841, 0.314089, 0.225728, 0.273468, 0.981228, 1.438147, 1.499170, 0.304878, 0.221582, 0.234718, 0.684155, 0.951171, 1.110924, 0.210845, 0.188778, 0.191994, 1.411402, 1.365066, 1.766399, 0.332039, 0.256742, 0.278538, 0.924134, 1.479657, 1.633698, 0.324814, 0.250176, 0.235284, 0.625803, 0.981770, 1.222912, 0.208318, 0.192670, 0.175424, 3.467197, 2.304964, 2.331008, 2.278485, 2.325390, 2.034735, 2.071339, 2.374980, 15.817334, 2.631265, 2.518333, 15.677712, 2.716874, 1.824337, 10.787698, 1.934569, 1.834977, 10.469497, 1.848849, 0.996732],
"OutputOffset": [-0.500000],
"OutputScale": [2.000000]
}